0.36154583493297526
-0.3609931971235586
-0.972732232293286
-1.5046379234082559
-1.9928240554473815
-2.485144877571777
-3.058001600195357
-3.728551414140278
-4.450282826718251
-5.078379347516638
-5.47500415951287
-5.6960269715423255
-5.919909077135085
-6.237742478463099
-6.575222838525756
-6.791558015074992
-6.830779655126706
-6.778542196409029
-6.753206750344053
-6.796520143777806
-6.892027145924343
-7.011622802228785
-7.135677615846337
-7.257825049555073
-7.379162275640176
-7.500925409743633
-7.614972117950165
-7.7027049463180495
-7.750804778853327
-7.764376913173799
-7.760694778211292
-7.753034902124808
-7.74389357313186
-7.7326369087251505
-7.725485095154573
-7.733905822364294
-7.76391551781993
-7.810183709973687
-7.860510518589684
-7.903313774234543
-7.931672121880538
-7.944382384650304
-7.945065079453617
-7.9400467151404035
-7.935126416276253
-7.932847723778307
-7.933208562127659
-7.9359105755674655
-7.941081378632576
-7.948579094751986
-7.957473140430355
-7.966181066421955
-7.972825431039437
-7.976163037170874
-7.976826268736675
-7.9771113162421665
-7.978897146416348
-7.982095212504253
-7.985452646861596
-7.988168609712524
-7.990073975100186
-7.990893976005895
-7.990379573915149
-7.989034586975092
-7.987978583592604
-7.98805864993853
-7.989413423275753
-7.991658938456966
-7.99411052725061
-7.996053284474318
-7.997150330486517
-7.997527738723305
-7.997415376687064
-7.996952647281829
-7.996387675552192
-7.996111529761157
-7.996323420788626
-7.996853856016293
-7.9974038289439235
-7.997816258634339
-7.998095122252283
-7.998312516874416
-7.998536782178176
-7.998770497563916
-7.998955273536376
-7.999062848666862
-7.999124778231571
-7.9991563911673
-7.999138749253896
-7.999092364176748
-7.999080124646037
-7.999128467718011
-7.9992182559139415
-7.99933936007306
-7.999487174140279
-7.9996252680718545
-7.999705604054028
-7.9997148054390514
-7.999679434709495
-7.999641869307498
-7.9996331741306115
-7.999653416028663
-7.999683239665606
-7.999715251246915
-7.999754165294439
-7.999792651119426
-7.999815024207673
-7.999820070311891
-7.99982046706479
-7.99982734513052
-7.999844637572724
-7.999867334009654
-7.99988292873596
-7.999884423221097
-7.999878574474003
-7.999875587508404
-7.9998784716440206
-7.99988560850132
-7.999895757902656
-7.999908461101281
-7.999922547152318
-7.999934033637029
-7.999937754342157
-7.999933863958983
-7.999928832767592
-7.9999279228886575
-7.999931016400239
-7.999935895673945
-7.999941159228309
-7.999946165716148
-7.999950518317689
-7.999953532594356
-7.9999547095449
-7.999955081082524
-7.999956317824978
-7.99995852024232
-7.9999605790611135
-7.999961923898165
-7.999962757988305
-7.999963583493293
-7.999964902576225
-7.999966753225361
-7.999968741417005
-7.999970542928339
-7.999971948294865
-7.9999728317062715
-7.999973364138419
-7.999973865054066
-7.999974537466927
-7.999975483121337
-7.999976623419675
-7.999977698118402
-7.999978584035006
-7.999979358410856
-7.9999800763864
-7.999980767450467
-7.9999814741098145
-7.999982166929445
-7.9999827924039195
-7.99998335552569
-7.999983880474456
-7.99998439442153
-7.999984927921258
-7.999985486602718
-7.999986065529621
-7.999986645547056
-7.99998717423274
-7.999987622754315
-7.999988012732854
-7.999988370033201
-7.999988724963713
-7.9999891156927285
-7.999989541536847
-7.999989964159349
-7.999990353673126
-7.999990703951993
-7.999991025649621
-7.999991331432591
-7.999991627811275
-7.999991924735814
-7.999992226944747
-7.999992519659447
-7.999992789888653
-7.999993044380261
-7.9999932950020725
-7.999993544719825
-7.99999378814764
-7.999994020198287
-7.999994242412857
-7.999994455850756
-7.999994657727744
-7.999994849923509
-7.999995038390901
-7.999995225486684
-7.999995409118703
-7.999995585243973
-7.99999575190523
-7.999995911333857
-7.999996065699544
-7.999996214890473
